16    561600    216130    92.425    2.9    2.3    5.2    5.3    6.23
17    611580    220180    95.9    3.8    2.7    6.3    10.5    6.23
17    680630    234160    99    3.5    3.4    6.5    11.9    6.27
18    728210    255390    102.08    2.9    3.2     5.9    6.3    6.31
16    760250    289070    105.5    1.9    2.8     4.8    0.2    6.3
15    774890    308740    108.65    -0.1    3.8     2.8    -4.8    6.22
14    688120    314900    110.47    -2.5    -0.4    -1.3    -17.4    5.93
15    719670    304380    112.55    2.6    1.6     3.5    2.4    5.85
15    774600    283500    114.88    1.6    3.2     4.5    8.4    5.84
13    801070    277970    117.03    2.2    2.1     3.4    11.1    5.86
12    865740    266160    119.25    1.8    1.5     2.8    6.6    5.86
12    884260    274760    121.7    2.5    1.6     4.5    8.7    5.9
11    930930    291280    124.28    2.9    0.1       4    4.3    5.93
11    934770    285520    127.03    1.6    1.3     3.8    1.8    5.97
11    969350    290800    130.15    2.4    2.1     4.5    5.134    6.01
12    1038800    302080    133.8    2.9    2.4     4.9    7.6911    6.04
11    1103000    329650    137.47    2.3    1.8     3.9    3.5851    6.08
