157230  34525  -122705  27.7400  1.2000   10.0380  5.4000
203673  42169  -161505  26.6000  3.9000   10.1136  6.6000
251556  50572  -200984  25.9600  1.8000   11.3946  9.5000
299386  65390  -233995  23.9086  1.4678   12.7210  8.0072
334774  77449  -257326  24.8420  4.7727   14.2309  12.4522
350504  87192  -263313  25.8545  5.8646   9.6507  7.4674
307433  87697  -219736  29.9548  -0.6939   9.3987  10.5354
376735  115559  -261176  23.8300  3.3222   10.6359  7.5437
412413  133880  -278533  23.7605  5.3934   9.5508  9.8433
439832  144894  -294938  20.2930  2.6463   7.8637  9.2866
455525  160375  -295150  19.1087  2.6240   7.7662  8.1138
483677  169008  -314669  15.1596  1.9884   7.4258  8.4817
499059  165525  -333533  9.7612  1.4408   7.0413  9.6123
479244  170881  -308363  7.9121  2.0028   6.8488  8.1633
523708  188004  -335704  7.0000  1.5577   6.9472  6.7269
558772  177969  -380804  5.9000  2.1045   6.7498  7.4664
471442  163845  -307597  5.1000  2.9000   6.1101  5.9837
